Epoch: 0
Train
	loss: 0.08050457894275634
Val
	loss: 0.049011838459409776

