Epoch: 0
Train
	loss: 0.09981454424636069
Val
	loss: 1.9303753694954018

Epoch: 1
Train
	loss: 0.06449126405330535
Val
	loss: 0.05612058554465572

