Epoch: 0
Train
	loss: 0.08622624963972678
Val
	loss: 0.06212361984305786
	roc_auc_score: 0.9752720808473044

Epoch: 1
Train
	loss: 0.06244887421347546
Val
	loss: 0.061752399433411674
	roc_auc_score: 0.9761444679216617

Epoch: 2
Train
	loss: 0.05829491740970004
Val
	loss: 0.05483808530726002
	roc_auc_score: 0.9803201127667739

