Epoch: 0
Train
	loss: 0.10291237409505717
Val
	loss: 0.07428818325977772

Epoch: 1
Train
	loss: 0.06525183338167571
Val
	loss: 0.056518527599206815

