Epoch: 0
Train
	loss: 0.1440102343751307
Val
	roc_auc_score: 0.49374775900845846
	loss: 0.14096785528596514

