Epoch: 0
Train
	loss: 0.07765241745643567
Val
	loss: 0.05795183660365486

Epoch: 1
Train
	loss: 0.06144774802693167
Val
	loss: 0.053290308487873216

