Epoch: 0
Train
	loss: 0.07321299114708446
Val
	loss: 0.053336584208688385

Epoch: 1
Train
	loss: 0.05517166537265169
Val
	loss: 0.05114742439240217

