Epoch: 0
Train
	loss: 0.07867920066824734
Val
	loss: 0.042273006862018236
	roc_auc_score: 0.9891519961952425

Epoch: 1
Train
	loss: 0.0527803943318783
Val
	loss: 0.039638615606907
	roc_auc_score: 0.9901787392461011

Epoch: 2
Train
	loss: 0.04898275792870153
Val
	loss: 0.03938194678537361
	roc_auc_score: 0.9903002348634965

