Epoch: 0
Train
	loss: 0.6764571070671082
Val
	roc_auc_score: 0.5538816370530687
	loss: 0.6492035128549488

