Epoch: 0
Train
	loss: 0.07854713141843893
Val
	roc_auc_score: 0.9869465443780542
	loss: 0.041589044172359715

Epoch: 1
Train
	loss: 0.05123593132679787
Val
	roc_auc_score: 0.9887375107418782
	loss: 0.04021423583769077

Epoch: 2
Train
	loss: 0.04775962520016394
Val
	roc_auc_score: 0.9893389732365855
	loss: 0.03865464631316881

