Epoch: 0
Train
	loss: 0.6764571070671082
Val
	roc_auc_score: 0.5538816370530687
	loss: 0.6492035128549488

Epoch: 0
Train
	loss: 0.07316888227569912
Val
	loss: 0.04293751030159976
	roc_auc_score: 0.988169918505284

