Epoch: 0
Train
	loss: 0.7081375122070312
Val
	roc_auc_score: 0.5454418301226044
	loss: 0.6808784446400965

