Epoch: 0
Train
	loss: 0.7164255976676941
Val
	roc_auc_score: 0.5566334929738009
	loss: 0.7084410415144865

