Epoch: 0
Train
	loss: 0.08100731212950453
Val
	loss: 0.049495600999022525

