Epoch: 0
Train
	loss: 0.03367332091518477
Val
	loss: 0.010955084562301636
	roc_auc_score: 0.9860224609419904

