Epoch: 0
Train
	loss: 0.09526457480128678
Val
	loss: 0.06054957785954078

