Epoch: 0
Train
	loss: 0.08562878976844138
Val
	roc_auc_score: 0.9839193597487488
	loss: 0.05127936796768604

