Epoch: 0
Train
	loss: 0.6826701760292053
Val
	roc_auc_score: 0.6761210870850182
	loss: 0.6653699075769566

